# R[Mpc; physical]; (1-f_{m cl})^{-1}
0.100 1.5050e+00
0.106 1.4870e+00
0.112 1.4692e+00
0.119 1.4516e+00
0.126 1.4342e+00
0.133 1.4171e+00
0.141 1.4003e+00
0.150 1.3838e+00
0.159 1.3675e+00
0.168 1.3515e+00
0.178 1.3359e+00
0.188 1.3206e+00
0.200 1.3056e+00
0.211 1.2910e+00
0.224 1.2768e+00
0.237 1.2629e+00
0.251 1.2494e+00
0.266 1.2363e+00
0.282 1.2236e+00
0.299 1.2113e+00
0.317 1.1994e+00
0.335 1.1880e+00
0.355 1.1769e+00
0.376 1.1663e+00
0.399 1.1561e+00
0.422 1.1463e+00
0.447 1.1370e+00
0.474 1.1281e+00
0.502 1.1196e+00
0.532 1.1115e+00
0.563 1.1038e+00
0.597 1.0965e+00
0.632 1.0896e+00
0.669 1.0831e+00
0.709 1.0769e+00
0.751 1.0712e+00
0.796 1.0657e+00
0.843 1.0606e+00
0.893 1.0559e+00
0.946 1.0514e+00
1.002 1.0473e+00
1.061 1.0434e+00
1.124 1.0398e+00
1.191 1.0364e+00
1.262 1.0333e+00
1.336 1.0305e+00
1.416 1.0278e+00
1.500 1.0254e+00
1.589 1.0231e+00
1.683 1.0210e+00
1.783 1.0191e+00
1.888 1.0174e+00
2.000 1.0158e+00
2.119 1.0143e+00
2.245 1.0130e+00
2.378 1.0117e+00
2.519 1.0106e+00
2.668 1.0096e+00
2.826 1.0087e+00
2.994 1.0078e+00
3.172 1.0071e+00
3.360 1.0064e+00
3.559 1.0058e+00
3.770 1.0052e+00
3.994 1.0047e+00
4.231 1.0042e+00
4.481 1.0038e+00
4.747 1.0034e+00
5.029 1.0031e+00
5.327 1.0027e+00
5.643 1.0025e+00
5.978 1.0022e+00
6.332 1.0020e+00
6.708 1.0018e+00
7.105 1.0016e+00
7.527 1.0014e+00
7.973 1.0013e+00
8.446 1.0011e+00
8.947 1.0010e+00
9.477 1.0009e+00
10.040 1.0008e+00
10.635 1.0007e+00
11.266 1.0007e+00
11.934 1.0006e+00
12.642 1.0005e+00
13.391 1.0005e+00
14.185 1.0004e+00
15.027 1.0004e+00
15.918 1.0003e+00
16.862 1.0003e+00
17.862 1.0003e+00
18.921 1.0002e+00
20.043 1.0002e+00
21.232 1.0002e+00
22.491 1.0002e+00
23.825 1.0002e+00
25.238 1.0001e+00
26.735 1.0001e+00
28.320 1.0001e+00
30.000 1.0001e+00
