# R[Mpc; physical]; (1-f_{m cl})^{-1}
0.100 1.1022e+00
0.106 1.0998e+00
0.112 1.0974e+00
0.119 1.0950e+00
0.126 1.0926e+00
0.133 1.0902e+00
0.141 1.0879e+00
0.150 1.0855e+00
0.159 1.0831e+00
0.168 1.0808e+00
0.178 1.0785e+00
0.188 1.0762e+00
0.200 1.0739e+00
0.211 1.0716e+00
0.224 1.0694e+00
0.237 1.0671e+00
0.251 1.0649e+00
0.266 1.0627e+00
0.282 1.0605e+00
0.299 1.0584e+00
0.317 1.0563e+00
0.335 1.0542e+00
0.355 1.0521e+00
0.376 1.0500e+00
0.399 1.0480e+00
0.422 1.0461e+00
0.447 1.0441e+00
0.474 1.0422e+00
0.502 1.0403e+00
0.532 1.0385e+00
0.563 1.0367e+00
0.597 1.0350e+00
0.632 1.0333e+00
0.669 1.0316e+00
0.709 1.0300e+00
0.751 1.0284e+00
0.796 1.0269e+00
0.843 1.0254e+00
0.893 1.0240e+00
0.946 1.0226e+00
1.002 1.0213e+00
1.061 1.0200e+00
1.124 1.0188e+00
1.191 1.0176e+00
1.262 1.0165e+00
1.336 1.0155e+00
1.416 1.0144e+00
1.500 1.0135e+00
1.589 1.0125e+00
1.683 1.0117e+00
1.783 1.0108e+00
1.888 1.0100e+00
2.000 1.0093e+00
2.119 1.0086e+00
2.245 1.0080e+00
2.378 1.0073e+00
2.519 1.0068e+00
2.668 1.0062e+00
2.826 1.0057e+00
2.994 1.0053e+00
3.172 1.0048e+00
3.360 1.0044e+00
3.559 1.0040e+00
3.770 1.0037e+00
3.994 1.0034e+00
4.231 1.0031e+00
4.481 1.0028e+00
4.747 1.0026e+00
5.029 1.0023e+00
5.327 1.0021e+00
5.643 1.0019e+00
5.978 1.0017e+00
6.332 1.0016e+00
6.708 1.0014e+00
7.105 1.0013e+00
7.527 1.0012e+00
7.973 1.0011e+00
8.446 1.0010e+00
8.947 1.0009e+00
9.477 1.0008e+00
10.040 1.0007e+00
10.635 1.0006e+00
11.266 1.0006e+00
11.934 1.0005e+00
12.642 1.0005e+00
13.391 1.0004e+00
14.185 1.0004e+00
15.027 1.0003e+00
15.918 1.0003e+00
16.862 1.0003e+00
17.862 1.0002e+00
18.921 1.0002e+00
20.043 1.0002e+00
21.232 1.0002e+00
22.491 1.0002e+00
23.825 1.0001e+00
25.238 1.0001e+00
26.735 1.0001e+00
28.320 1.0001e+00
30.000 1.0001e+00
