# R[Mpc; physical]; (1-f_{m cl})^{-1}
0.100 1.4278e+00
0.106 1.4117e+00
0.112 1.3958e+00
0.119 1.3802e+00
0.126 1.3648e+00
0.133 1.3497e+00
0.141 1.3349e+00
0.150 1.3203e+00
0.159 1.3060e+00
0.168 1.2920e+00
0.178 1.2784e+00
0.188 1.2650e+00
0.200 1.2520e+00
0.211 1.2393e+00
0.224 1.2270e+00
0.237 1.2151e+00
0.251 1.2035e+00
0.266 1.1923e+00
0.282 1.1814e+00
0.299 1.1710e+00
0.317 1.1609e+00
0.335 1.1512e+00
0.355 1.1420e+00
0.376 1.1330e+00
0.399 1.1245e+00
0.422 1.1164e+00
0.447 1.1087e+00
0.474 1.1013e+00
0.502 1.0943e+00
0.532 1.0877e+00
0.563 1.0814e+00
0.597 1.0755e+00
0.632 1.0699e+00
0.669 1.0646e+00
0.709 1.0597e+00
0.751 1.0550e+00
0.796 1.0507e+00
0.843 1.0467e+00
0.893 1.0429e+00
0.946 1.0394e+00
1.002 1.0361e+00
1.061 1.0330e+00
1.124 1.0302e+00
1.191 1.0276e+00
1.262 1.0252e+00
1.336 1.0230e+00
1.416 1.0210e+00
1.500 1.0191e+00
1.589 1.0173e+00
1.683 1.0158e+00
1.783 1.0143e+00
1.888 1.0130e+00
2.000 1.0118e+00
2.119 1.0106e+00
2.245 1.0096e+00
2.378 1.0087e+00
2.519 1.0079e+00
2.668 1.0071e+00
2.826 1.0064e+00
2.994 1.0058e+00
3.172 1.0052e+00
3.360 1.0047e+00
3.559 1.0042e+00
3.770 1.0038e+00
3.994 1.0034e+00
4.231 1.0031e+00
4.481 1.0028e+00
4.747 1.0025e+00
5.029 1.0022e+00
5.327 1.0020e+00
5.643 1.0018e+00
5.978 1.0016e+00
6.332 1.0014e+00
6.708 1.0013e+00
7.105 1.0012e+00
7.527 1.0010e+00
7.973 1.0009e+00
8.446 1.0008e+00
8.947 1.0007e+00
9.477 1.0007e+00
10.040 1.0006e+00
10.635 1.0005e+00
11.266 1.0005e+00
11.934 1.0004e+00
12.642 1.0004e+00
13.391 1.0003e+00
14.185 1.0003e+00
15.027 1.0003e+00
15.918 1.0002e+00
16.862 1.0002e+00
17.862 1.0002e+00
18.921 1.0002e+00
20.043 1.0002e+00
21.232 1.0001e+00
22.491 1.0001e+00
23.825 1.0001e+00
25.238 1.0001e+00
26.735 1.0001e+00
28.320 1.0001e+00
30.000 1.0001e+00
