# R[Mpc; physical]; (1-f_{m cl})^{-1}
0.100 1.0988e+00
0.106 1.0959e+00
0.112 1.0931e+00
0.119 1.0903e+00
0.126 1.0875e+00
0.133 1.0847e+00
0.141 1.0820e+00
0.150 1.0792e+00
0.159 1.0766e+00
0.168 1.0739e+00
0.178 1.0713e+00
0.188 1.0686e+00
0.200 1.0661e+00
0.211 1.0635e+00
0.224 1.0610e+00
0.237 1.0586e+00
0.251 1.0562e+00
0.266 1.0538e+00
0.282 1.0515e+00
0.299 1.0492e+00
0.317 1.0469e+00
0.335 1.0447e+00
0.355 1.0426e+00
0.376 1.0405e+00
0.399 1.0385e+00
0.422 1.0365e+00
0.447 1.0346e+00
0.474 1.0327e+00
0.502 1.0309e+00
0.532 1.0292e+00
0.563 1.0275e+00
0.597 1.0259e+00
0.632 1.0244e+00
0.669 1.0229e+00
0.709 1.0214e+00
0.751 1.0201e+00
0.796 1.0188e+00
0.843 1.0175e+00
0.893 1.0163e+00
0.946 1.0152e+00
1.002 1.0141e+00
1.061 1.0131e+00
1.124 1.0122e+00
1.191 1.0113e+00
1.262 1.0104e+00
1.336 1.0096e+00
1.416 1.0089e+00
1.500 1.0082e+00
1.589 1.0075e+00
1.683 1.0069e+00
1.783 1.0064e+00
1.888 1.0058e+00
2.000 1.0053e+00
2.119 1.0049e+00
2.245 1.0045e+00
2.378 1.0041e+00
2.519 1.0037e+00
2.668 1.0034e+00
2.826 1.0031e+00
2.994 1.0028e+00
3.172 1.0026e+00
3.360 1.0023e+00
3.559 1.0021e+00
3.770 1.0019e+00
3.994 1.0017e+00
4.231 1.0016e+00
4.481 1.0014e+00
4.747 1.0013e+00
5.029 1.0012e+00
5.327 1.0010e+00
5.643 1.0009e+00
5.978 1.0008e+00
6.332 1.0008e+00
6.708 1.0007e+00
7.105 1.0006e+00
7.527 1.0006e+00
7.973 1.0005e+00
8.446 1.0004e+00
8.947 1.0004e+00
9.477 1.0004e+00
10.040 1.0003e+00
10.635 1.0003e+00
11.266 1.0003e+00
11.934 1.0002e+00
12.642 1.0002e+00
13.391 1.0002e+00
14.185 1.0002e+00
15.027 1.0002e+00
15.918 1.0001e+00
16.862 1.0001e+00
17.862 1.0001e+00
18.921 1.0001e+00
20.043 1.0001e+00
21.232 1.0001e+00
22.491 1.0001e+00
23.825 1.0001e+00
25.238 1.0001e+00
26.735 1.0000e+00
28.320 1.0000e+00
30.000 1.0000e+00
