# R[Mpc; physical]; (1-f_{m cl})^{-1}
0.100 1.4774e+00
0.106 1.4632e+00
0.112 1.4492e+00
0.119 1.4352e+00
0.126 1.4213e+00
0.133 1.4076e+00
0.141 1.3940e+00
0.150 1.3805e+00
0.159 1.3672e+00
0.168 1.3540e+00
0.178 1.3410e+00
0.188 1.3281e+00
0.200 1.3154e+00
0.211 1.3029e+00
0.224 1.2907e+00
0.237 1.2786e+00
0.251 1.2667e+00
0.266 1.2551e+00
0.282 1.2437e+00
0.299 1.2325e+00
0.317 1.2216e+00
0.335 1.2109e+00
0.355 1.2006e+00
0.376 1.1904e+00
0.399 1.1806e+00
0.422 1.1711e+00
0.447 1.1618e+00
0.474 1.1529e+00
0.502 1.1443e+00
0.532 1.1359e+00
0.563 1.1279e+00
0.597 1.1202e+00
0.632 1.1128e+00
0.669 1.1057e+00
0.709 1.0989e+00
0.751 1.0925e+00
0.796 1.0863e+00
0.843 1.0804e+00
0.893 1.0749e+00
0.946 1.0696e+00
1.002 1.0646e+00
1.061 1.0599e+00
1.124 1.0554e+00
1.191 1.0513e+00
1.262 1.0473e+00
1.336 1.0436e+00
1.416 1.0402e+00
1.500 1.0370e+00
1.589 1.0340e+00
1.683 1.0312e+00
1.783 1.0286e+00
1.888 1.0262e+00
2.000 1.0240e+00
2.119 1.0219e+00
2.245 1.0200e+00
2.378 1.0182e+00
2.519 1.0166e+00
2.668 1.0151e+00
2.826 1.0137e+00
2.994 1.0125e+00
3.172 1.0113e+00
3.360 1.0103e+00
3.559 1.0093e+00
3.770 1.0084e+00
3.994 1.0076e+00
4.231 1.0069e+00
4.481 1.0062e+00
4.747 1.0056e+00
5.029 1.0051e+00
5.327 1.0046e+00
5.643 1.0041e+00
5.978 1.0037e+00
6.332 1.0033e+00
6.708 1.0030e+00
7.105 1.0027e+00
7.527 1.0024e+00
7.973 1.0022e+00
8.446 1.0020e+00
8.947 1.0018e+00
9.477 1.0016e+00
10.040 1.0014e+00
10.635 1.0013e+00
11.266 1.0011e+00
11.934 1.0010e+00
12.642 1.0009e+00
13.391 1.0008e+00
14.185 1.0007e+00
15.027 1.0007e+00
15.918 1.0006e+00
16.862 1.0005e+00
17.862 1.0005e+00
18.921 1.0004e+00
20.043 1.0004e+00
21.232 1.0003e+00
22.491 1.0003e+00
23.825 1.0003e+00
25.238 1.0002e+00
26.735 1.0002e+00
28.320 1.0002e+00
30.000 1.0002e+00
