# R[Mpc; physical]; (1-f_{m cl})^{-1}
0.100 1.5364e+00
0.106 1.5234e+00
0.112 1.5105e+00
0.119 1.4976e+00
0.126 1.4848e+00
0.133 1.4721e+00
0.141 1.4593e+00
0.150 1.4467e+00
0.159 1.4341e+00
0.168 1.4216e+00
0.178 1.4092e+00
0.188 1.3968e+00
0.200 1.3846e+00
0.211 1.3724e+00
0.224 1.3604e+00
0.237 1.3484e+00
0.251 1.3366e+00
0.266 1.3249e+00
0.282 1.3133e+00
0.299 1.3019e+00
0.317 1.2906e+00
0.335 1.2794e+00
0.355 1.2685e+00
0.376 1.2577e+00
0.399 1.2470e+00
0.422 1.2366e+00
0.447 1.2263e+00
0.474 1.2163e+00
0.502 1.2065e+00
0.532 1.1968e+00
0.563 1.1875e+00
0.597 1.1783e+00
0.632 1.1694e+00
0.669 1.1607e+00
0.709 1.1523e+00
0.751 1.1441e+00
0.796 1.1362e+00
0.843 1.1286e+00
0.893 1.1212e+00
0.946 1.1141e+00
1.002 1.1072e+00
1.061 1.1007e+00
1.124 1.0944e+00
1.191 1.0884e+00
1.262 1.0826e+00
1.336 1.0772e+00
1.416 1.0719e+00
1.500 1.0670e+00
1.589 1.0623e+00
1.683 1.0578e+00
1.783 1.0537e+00
1.888 1.0497e+00
2.000 1.0460e+00
2.119 1.0425e+00
2.245 1.0392e+00
2.378 1.0361e+00
2.519 1.0332e+00
2.668 1.0305e+00
2.826 1.0280e+00
2.994 1.0257e+00
3.172 1.0236e+00
3.360 1.0216e+00
3.559 1.0197e+00
3.770 1.0180e+00
3.994 1.0164e+00
4.231 1.0149e+00
4.481 1.0136e+00
4.747 1.0124e+00
5.029 1.0112e+00
5.327 1.0102e+00
5.643 1.0093e+00
5.978 1.0084e+00
6.332 1.0076e+00
6.708 1.0069e+00
7.105 1.0062e+00
7.527 1.0056e+00
7.973 1.0051e+00
8.446 1.0046e+00
8.947 1.0041e+00
9.477 1.0037e+00
10.040 1.0034e+00
10.635 1.0030e+00
11.266 1.0027e+00
11.934 1.0024e+00
12.642 1.0022e+00
13.391 1.0020e+00
14.185 1.0018e+00
15.027 1.0016e+00
15.918 1.0014e+00
16.862 1.0013e+00
17.862 1.0012e+00
18.921 1.0010e+00
20.043 1.0009e+00
21.232 1.0008e+00
22.491 1.0007e+00
23.825 1.0007e+00
25.238 1.0006e+00
26.735 1.0005e+00
28.320 1.0005e+00
30.000 1.0004e+00
