# R[Mpc; physical]; (1-f_{m cl})^{-1}
0.100 1.1279e+00
0.106 1.1231e+00
0.112 1.1184e+00
0.119 1.1138e+00
0.126 1.1093e+00
0.133 1.1048e+00
0.141 1.1004e+00
0.150 1.0960e+00
0.159 1.0918e+00
0.168 1.0877e+00
0.178 1.0836e+00
0.188 1.0796e+00
0.200 1.0758e+00
0.211 1.0720e+00
0.224 1.0683e+00
0.237 1.0648e+00
0.251 1.0613e+00
0.266 1.0580e+00
0.282 1.0547e+00
0.299 1.0516e+00
0.317 1.0486e+00
0.335 1.0457e+00
0.355 1.0429e+00
0.376 1.0403e+00
0.399 1.0377e+00
0.422 1.0353e+00
0.447 1.0329e+00
0.474 1.0307e+00
0.502 1.0286e+00
0.532 1.0266e+00
0.563 1.0247e+00
0.597 1.0229e+00
0.632 1.0213e+00
0.669 1.0197e+00
0.709 1.0182e+00
0.751 1.0168e+00
0.796 1.0155e+00
0.843 1.0142e+00
0.893 1.0131e+00
0.946 1.0120e+00
1.002 1.0110e+00
1.061 1.0101e+00
1.124 1.0092e+00
1.191 1.0085e+00
1.262 1.0077e+00
1.336 1.0070e+00
1.416 1.0064e+00
1.500 1.0058e+00
1.589 1.0053e+00
1.683 1.0048e+00
1.783 1.0044e+00
1.888 1.0040e+00
2.000 1.0036e+00
2.119 1.0033e+00
2.245 1.0030e+00
2.378 1.0027e+00
2.519 1.0024e+00
2.668 1.0022e+00
2.826 1.0020e+00
2.994 1.0018e+00
3.172 1.0016e+00
3.360 1.0014e+00
3.559 1.0013e+00
3.770 1.0012e+00
3.994 1.0011e+00
4.231 1.0009e+00
4.481 1.0009e+00
4.747 1.0008e+00
5.029 1.0007e+00
5.327 1.0006e+00
5.643 1.0006e+00
5.978 1.0005e+00
6.332 1.0004e+00
6.708 1.0004e+00
7.105 1.0004e+00
7.527 1.0003e+00
7.973 1.0003e+00
8.446 1.0003e+00
8.947 1.0002e+00
9.477 1.0002e+00
10.040 1.0002e+00
10.635 1.0002e+00
11.266 1.0001e+00
11.934 1.0001e+00
12.642 1.0001e+00
13.391 1.0001e+00
14.185 1.0001e+00
15.027 1.0001e+00
15.918 1.0001e+00
16.862 1.0001e+00
17.862 1.0001e+00
18.921 1.0001e+00
20.043 1.0000e+00
21.232 1.0000e+00
22.491 1.0000e+00
23.825 1.0000e+00
25.238 1.0000e+00
26.735 1.0000e+00
28.320 1.0000e+00
30.000 1.0000e+00
