# R[Mpc; physical]; (1-f_{m cl})^{-1}
0.100 1.1294e+00
0.106 1.1242e+00
0.112 1.1192e+00
0.119 1.1142e+00
0.126 1.1093e+00
0.133 1.1045e+00
0.141 1.0998e+00
0.150 1.0952e+00
0.159 1.0907e+00
0.168 1.0864e+00
0.178 1.0821e+00
0.188 1.0779e+00
0.200 1.0739e+00
0.211 1.0700e+00
0.224 1.0662e+00
0.237 1.0625e+00
0.251 1.0590e+00
0.266 1.0555e+00
0.282 1.0522e+00
0.299 1.0491e+00
0.317 1.0460e+00
0.335 1.0431e+00
0.355 1.0404e+00
0.376 1.0377e+00
0.399 1.0352e+00
0.422 1.0328e+00
0.447 1.0305e+00
0.474 1.0283e+00
0.502 1.0263e+00
0.532 1.0244e+00
0.563 1.0226e+00
0.597 1.0209e+00
0.632 1.0193e+00
0.669 1.0178e+00
0.709 1.0164e+00
0.751 1.0150e+00
0.796 1.0138e+00
0.843 1.0127e+00
0.893 1.0116e+00
0.946 1.0106e+00
1.002 1.0097e+00
1.061 1.0089e+00
1.124 1.0081e+00
1.191 1.0074e+00
1.262 1.0067e+00
1.336 1.0061e+00
1.416 1.0056e+00
1.500 1.0051e+00
1.589 1.0046e+00
1.683 1.0042e+00
1.783 1.0038e+00
1.888 1.0034e+00
2.000 1.0031e+00
2.119 1.0028e+00
2.245 1.0025e+00
2.378 1.0023e+00
2.519 1.0021e+00
2.668 1.0019e+00
2.826 1.0017e+00
2.994 1.0015e+00
3.172 1.0014e+00
3.360 1.0012e+00
3.559 1.0011e+00
3.770 1.0010e+00
3.994 1.0009e+00
4.231 1.0008e+00
4.481 1.0007e+00
4.747 1.0006e+00
5.029 1.0006e+00
5.327 1.0005e+00
5.643 1.0005e+00
5.978 1.0004e+00
6.332 1.0004e+00
6.708 1.0003e+00
7.105 1.0003e+00
7.527 1.0003e+00
7.973 1.0002e+00
8.446 1.0002e+00
8.947 1.0002e+00
9.477 1.0002e+00
10.040 1.0002e+00
10.635 1.0001e+00
11.266 1.0001e+00
11.934 1.0001e+00
12.642 1.0001e+00
13.391 1.0001e+00
14.185 1.0001e+00
15.027 1.0001e+00
15.918 1.0001e+00
16.862 1.0001e+00
17.862 1.0000e+00
18.921 1.0000e+00
20.043 1.0000e+00
21.232 1.0000e+00
22.491 1.0000e+00
23.825 1.0000e+00
25.238 1.0000e+00
26.735 1.0000e+00
28.320 1.0000e+00
30.000 1.0000e+00
