# R[Mpc; physical]; (1-f_{m cl})^{-1}
0.100 1.2106e+00
0.106 1.2033e+00
0.112 1.1962e+00
0.119 1.1891e+00
0.126 1.1821e+00
0.133 1.1752e+00
0.141 1.1684e+00
0.150 1.1617e+00
0.159 1.1551e+00
0.168 1.1486e+00
0.178 1.1422e+00
0.188 1.1360e+00
0.200 1.1299e+00
0.211 1.1239e+00
0.224 1.1180e+00
0.237 1.1123e+00
0.251 1.1068e+00
0.266 1.1014e+00
0.282 1.0961e+00
0.299 1.0910e+00
0.317 1.0861e+00
0.335 1.0813e+00
0.355 1.0767e+00
0.376 1.0722e+00
0.399 1.0679e+00
0.422 1.0638e+00
0.447 1.0599e+00
0.474 1.0561e+00
0.502 1.0525e+00
0.532 1.0490e+00
0.563 1.0457e+00
0.597 1.0426e+00
0.632 1.0397e+00
0.669 1.0369e+00
0.709 1.0342e+00
0.751 1.0317e+00
0.796 1.0293e+00
0.843 1.0271e+00
0.893 1.0250e+00
0.946 1.0231e+00
1.002 1.0212e+00
1.061 1.0195e+00
1.124 1.0180e+00
1.191 1.0165e+00
1.262 1.0151e+00
1.336 1.0138e+00
1.416 1.0126e+00
1.500 1.0115e+00
1.589 1.0105e+00
1.683 1.0096e+00
1.783 1.0087e+00
1.888 1.0080e+00
2.000 1.0072e+00
2.119 1.0066e+00
2.245 1.0060e+00
2.378 1.0054e+00
2.519 1.0049e+00
2.668 1.0044e+00
2.826 1.0040e+00
2.994 1.0036e+00
3.172 1.0033e+00
3.360 1.0030e+00
3.559 1.0027e+00
3.770 1.0024e+00
3.994 1.0022e+00
4.231 1.0020e+00
4.481 1.0018e+00
4.747 1.0016e+00
5.029 1.0014e+00
5.327 1.0013e+00
5.643 1.0011e+00
5.978 1.0010e+00
6.332 1.0009e+00
6.708 1.0008e+00
7.105 1.0007e+00
7.527 1.0007e+00
7.973 1.0006e+00
8.446 1.0005e+00
8.947 1.0005e+00
9.477 1.0004e+00
10.040 1.0004e+00
10.635 1.0003e+00
11.266 1.0003e+00
11.934 1.0003e+00
12.642 1.0002e+00
13.391 1.0002e+00
14.185 1.0002e+00
15.027 1.0002e+00
15.918 1.0002e+00
16.862 1.0001e+00
17.862 1.0001e+00
18.921 1.0001e+00
20.043 1.0001e+00
21.232 1.0001e+00
22.491 1.0001e+00
23.825 1.0001e+00
25.238 1.0001e+00
26.735 1.0001e+00
28.320 1.0001e+00
30.000 1.0000e+00
